poet,n_works,T0_pct,T1_pct,T2_pct,T3_pct,T4_pct,T5_pct,T6_pct,T7_pct,T8_pct,T9_pct,T10_pct,T11_pct,T12_pct,T13_pct,T14_pct,T15_pct,T16_pct,T17_pct,T18_pct,T19_pct,T20_pct,T21_pct,T22_pct,T23_pct,T24_pct,unexplained_pct
강기원,16,1.9822241792227424,0.10879724679763024,1.1134106221595341,5.431496821179794,2.6964223182945934,5.131652124191292,1.761779741251468,0.0,1.6832096312222549,5.594616001846297,1.2206195419874,2.3919203780931024,1.369900890947095,0.24707403107949388,5.7914587153015455,0.17324464676861448,1.7784392385244776,0.6814869863177737,3.441052722075063,3.6533939936022963,0.5051660900299191,0.5153671623051385,1.965335596262593,0.0,0.6862533605017039,50.07567796003818
강보원,5,9.347839894981991,0.6157346882733126,2.770446425359305,2.6094234892890698,2.2365651372650683,1.8339414188529546,4.197691422068538,0.0,0.604422748767347,0.0,1.4767210022432649,0.1711831920509665,0.2528536694264195,0.0,5.058799450605216,0.0,1.2174488102076835,0.0,2.4144068532460023,0.9175141448874211,0.0,0.0,0.496034893225596,6.732026849155387,0.7320908863984863,56.314855023695976
강성은,44,1.4396818259872244,2.5411244913122606,1.55364755092342,0.9671855037398374,0.8391438354659136,1.4049143571166112,3.484604485491466,1.3399767456348999,5.494061903881223,2.564310632557586,0.819612205282883,0.3116093530363184,0.5849007098814202,2.8922401501010726,1.1471800282325808,5.3090116010922195,1.2600772359155088,3.112637802865068,0.8021820007373244,1.258614726196784,1.6737612786559912,0.079845106554129,2.570134635315671,3.211318343899853,2.054035892356931,51.2841875977658
강신애,4,6.585089297361021,9.88330877836842,6.048768375565842,0.9800881304753664,0.0,0.0,2.4489732712215986,0.602427116566977,0.17913243146176788,7.138094276635062,0.2427361248115301,0.0,0.0,4.474684496517958,0.0,0.0,0.07829262988005042,0.0,8.439769247077152,0.0,0.0046446598190763,0.0,2.035779314921703,3.443430950349314,0.34962141271495406,47.06515948625221
강정,3,0.0,15.886915803759317,0.0,0.0,0.0,0.0,2.4581793177270916,2.8245819891757087,5.598409567082345,0.0,0.0,0.0,1.8576511730963796,17.916864609876125,5.211612551854196,0.0,0.0,1.045314969424069,2.414263690220571,0.0,0.0,0.7709406202628969,1.09763253093321,0.0,0.0,42.91763317658809
강지이,3,3.9752343134173764,0.0,0.0,5.277410278375935,0.0,0.0,0.0,0.0,0.0,0.0,4.471180812595711,0.0,3.741800684238839,1.678318527237099,0.0,0.0,22.269646343214905,5.80281325742396,0.0,1.7765092288039093,0.0,0.6821511743974447,0.0,0.0,0.0,50.32493538029482
강형철,4,0.0,13.448556924922833,0.0,0.0,4.783730978988952,4.235618260540126,1.2805925757481325,1.6715171838876275,2.9705367700015994,3.792360481935184,1.1668119510444712,0.0,0.3337647039245315,0.11740683636787637,1.268095868302827,0.0,0.0,1.022037924288355,0.04806652123699875,0.4616718233849636,0.0,0.0,0.0,2.773890420018361,10.0196157606137,50.605725014793464
고명재,7,3.4026346632965447,3.637374172747672,7.83833145045861,5.425429265094006,0.0,0.0,1.434030992583515,0.0,2.244721380918931,1.2444128578564115,1.178779773928282,0.4994732256494142,0.0,0.0,3.7747398216639465,0.8727304604624654,0.047818921060875416,2.8014356147040997,0.0,2.7344846965968523,9.58624360124109,1.244352465282981,4.27318336157869,1.216285057744338,1.33086928536139,45.21266893176988
고영민,19,3.651300590968906,8.935272797360811,4.671707646365867,1.6831319223934513,0.18953471382860937,4.543485417948946,0.2719403192372086,0.35420508745910445,5.761810101366903,4.328398812532448,1.7935194984275262,0.09221484707678455,0.12443217304132055,1.0046677602588445,1.2042333845925421,0.2760104049336764,0.7216829119950887,0.1193717510600679,0.32390114613883564,0.5997129652808271,3.8676792548536447,0.7657145038372272,1.2302493458122814,1.654552202280728,1.1590764984521316,50.672193942496214
고진하,3,0.0,0.0,1.5116111791177296,19.819951086333337,1.7301803919004684,0.046913025265349635,0.0,0.0,0.0,7.0299019217069825,3.9246042509080987,4.293795813041748,0.0,0.0,0.0,0.0,1.0828356993379151,0.0,0.0,0.0,0.0,0.0,3.152475468199746,0.0,0.31826476172739826,57.08946640246123
고창환,6,6.4450187007643756,17.157075153696542,0.0,0.0,4.104647638020363,0.0,2.0717566843408153,9.275978047714876,0.042493364090841,2.33610994946725,0.3071641105602418,0.0,0.7187317407729124,1.4749806026805572,0.0,4.818228770182581,0.0,1.9301699309674467,2.5558318171883614,0.9283781158444265,1.3208993378560423,0.10471182548458753,0.0,0.0,0.560096907931494,43.84772730243628
곽은영,6,4.957335126004267,0.0,0.0,3.280513458904314,0.27399943189056414,0.0,3.6776950035251814,1.6936751489267559,3.7441832598337768,3.726755282856514,0.0,0.12814591207293688,1.937990483448625,0.9191654389572363,0.0,2.359925270291061,1.8532242210124519,8.284375814888913,4.41252583050214,0.9287237801098384,0.9981199820824874,0.0,3.6173224661136447,0.720871045334515,3.7437134294023906,48.741739613842384
곽재구,3,8.474313484212445,16.62678678985352,0.0,0.0,0.0,0.0,5.081850797088479,5.3229293840961525,0.0,0.0,0.0,0.026400215384527834,0.0,0.0,0.7131064352549533,3.883075462257464,0.0,7.010927265838816,0.0,0.0,3.54703827372296,0.0,0.0,0.0,3.286887627001386,46.026684265289305
구현우,8,4.214869500833193,0.0,2.450661100323267,1.8722274250457263,6.099918071346053,0.0,10.19008853590554,0.7084137887833011,0.17554529589578796,2.2906437386425322,0.0,1.1968604089774486,3.397498295291083,0.7606169673935665,0.0,6.704687977262251,0.2930615242049189,1.7890284140506563,0.2171446262285227,0.0,0.0,0.1219657133371323,1.0689917187352482,1.7129766536703832,6.1013891299348675,48.63341111413852
권기만,10,9.55588882497448,7.576979177410891,5.050660946905156,1.5134708118134088,0.6349282612370216,1.3648927366058037,1.8158827090914222,3.2679277970992997,0.0,1.3271949510661316,1.8285613066120536,4.461567124333866,0.2383562268400671,0.0,0.0,0.27343366795705826,0.0,5.6418995966312755,0.6869052403494854,3.676144595064936,0.4865185178062494,0.34360776989963615,0.5013328491967161,0.4323149568257433,0.5253783371523537,48.796153595126945
권박,8,0.1584725495260579,0.3327519594311364,5.230258271352933,0.9749937952072283,3.811454826296005,0.37479693798859237,0.0,0.0,2.1216246675802464,3.3776203913524663,3.322355911693431,0.33567040464336445,0.5273675729522989,4.062864638643653,0.32255772992464943,0.1926492606456193,0.8118181760102688,1.6111807221662522,5.467469416010606,6.282092573550439,0.0,2.4481961748839476,0.7073698342001465,1.9911212660557704,0.0,55.53531291988489
권선희,5,8.079989747757004,0.8836363502927801,5.0597531208126965,10.909436055711433,0.20907416189604083,0.0,0.0,0.0,0.0,2.6470911008639226,0.0,1.0755257160135838,0.0,0.0,0.0,0.0,0.0,0.0,2.08085586577539,0.0,10.203197452789578,0.0,2.6098405197677423,5.485702220899346,1.029938715073802,49.725958972346675
권혁웅,45,4.744571406060487,3.4003960371570656,1.651659959782663,6.315578337723461,0.7586126813066529,0.5678750616169063,0.45341125926105397,3.7765519128062928,1.1077933077856192,7.301760341589708,1.5740604789188268,0.24275258247587514,0.972830381370212,1.2570264314279376,1.9337777767359563,3.2314437083729057,0.259481767370248,1.4283833020825225,5.345774768228247,0.5980212745227607,2.5847668530502554,1.589982229117062,1.6771977559964681,1.1792092096641196,0.5001036418716595,45.54697753370503
기혁,6,5.835274377284982,0.0,3.615135613728333,1.9343634417829225,3.98926219237187,3.30935790267211,0.30988354402758095,1.4220021616352572,1.2604408033790522,3.700751569550421,1.9970207621928828,1.155900729167988,1.6327231877097983,0.7989694287791669,0.0,4.02580223669104,0.0,3.8856192681104567,1.7813151948484827,0.0,0.0,2.0590838672361316,2.13401175703094,4.311414976613275,1.7134875568499783,49.128179428337326
길상호,14,3.3279525896953666,0.8449541828034433,0.0,1.5767005828942995,1.5748774527844398,0.0029179503841192497,4.397031598894882,2.28918876446702,0.9156687637769947,4.903797258361989,0.15839497300242858,0.8709353393227662,0.9821679596318348,3.397322009030144,4.435009785498248,0.9380310879583661,8.95617267811839,3.370797757151091,3.78745705460645,0.2611323425036886,0.1757993859671805,1.662811036378893,2.1330557335414864,0.036138406532903795,3.638698951384367,45.362986355309204
김개미,14,0.09798092762241035,1.4216291421320513,4.062401000682148,1.2566025300741024,4.72727871545026,0.24966446407623819,1.7297060391184347,0.742784466049479,1.3500513522388051,2.196881942856464,3.042880236225998,1.4095659316275113,0.181157713468743,0.8361612368042269,3.2537696032341006,0.0,7.491344423613059,2.2706683379803607,3.4591693035518363,2.3118449501540184,0.4602297538678111,1.6561484883330466,3.8545915428191577,0.5292088773506312,1.4345133292081225,49.97376569146098
김경인,10,1.7407389283894872,7.0440736483939075,0.02781329709117284,0.0,0.0,0.8893196305306909,0.40193605782814323,1.0847540400008697,1.1294174267583126,2.2403493227781945,0.49831038686205253,4.619285884118052,5.2807406059591715,6.6428487012424196,0.5426455633191548,2.3126461258082505,2.5021881345791046,5.812395211339008,4.894255282360445,1.113688942006624,4.179852287662781,1.8783906848681577,0.0,0.5644937040911737,1.460311018384114,43.13954511562871
김경주,10,5.306610891077256,0.49475557975767837,1.8021617731085893,2.2992555326409096,0.1589395076933302,3.70714829354635,6.3612255551145624,4.438041990982143,1.3703279540137798,0.6677213097329285,6.309404178002849,0.834905328159981,3.447363546599128,0.0,2.609950514207906,0.0,3.3090881390611138,5.467240590474127,1.6654260289233203,0.0,0.9892193305507838,0.11178515964473953,2.4571479440590034,0.00069124518143806,0.5525013327358145,45.63908827473227
김경후,16,3.6814150474393776,0.27958681104216804,0.33434069012733836,3.0911888538452037,2.340867489420797,1.7391225223752143,1.0345761005231973,2.7747887206019355,2.6162834648010436,4.484519769122898,1.8414664261704783,1.0294392974840534,0.010928534655803743,3.427191713151721,1.411722337869311,2.67037621281775,2.0355085228607193,1.448779985658608,5.282588712147957,0.0,0.6779077939255881,1.4075312353795848,3.539599924072887,1.7757204972546328,2.823580971314585,48.24096836593715
김근,43,2.0789969320039634,5.235806757668302,1.7970218802104418,1.4204383270333623,2.108082980175888,4.888532453531256,0.9678377400299892,2.162587466914535,4.670427116400293,6.06947319726159,1.4111167305127883,0.8408657263290676,1.0621533906246219,1.772111648293552,2.378022963181898,1.681033963148294,1.8934476731383827,2.5601751427154698,1.4477236545300176,0.5144622699917286,1.0766370813156503,1.083604176342532,0.913358622058498,0.7103830190683404,1.7278248232890947,47.52787426423045
김기택,5,0.0,0.11984919831445022,0.0,0.4652740052468012,2.032119363270284,0.0,0.0,0.0,0.0,16.21088703058558,0.0,0.033682066509060735,1.3783899600850846,0.0,0.0,1.9676685288660127,0.0,5.955125472416837,0.0,1.3170026359753686,1.9279333770855955,3.6796842573100834,6.85691076293652,1.8346180920791213,1.666386155550769,54.55446909376843
김길나,3,1.538454790433394,0.0,0.0,0.0,0.0,0.07929359460145263,10.06134234869537,1.3501388563680534,1.266997038534235,4.713004791474272,6.149421044830157,0.0,0.0,11.195757185905785,0.0,0.0,0.09988623556492614,6.047364854521164,4.3193961241447445,0.0,0.0,0.0,0.0,2.6089363799037155,0.0,50.570006755022725
김두안,9,9.471089551916485,5.489584458883528,0.5031440503691058,1.2788271121443213,0.0,4.473104882886618,0.0,3.555794811361734,5.615807499207602,4.775003475885842,8.159564444317285,0.0,0.0,1.9252706684685152,0.0,1.7233960910524782,0.8282078285193991,0.0,0.504729762105577,0.42996878576836534,2.3969032862965785,0.7421818123712572,0.0,0.6956800089837489,0.0,47.431741469461564
김미령,4,0.3766899199745182,3.265793322552022,0.0,0.0,0.7903454486942287,3.4999200152186263,7.05348361786567,1.729414099271459,0.0,5.722506872461527,0.0,0.0,0.0,2.216135523629065,9.80075474130532,5.398338170271799,0.0,0.03182332316457305,1.4066858012245815,0.0,0.0,2.6587966634243774,4.334633394145946,0.0,0.0,51.71467908679628
김민정,38,0.9851384874978328,0.166126065260185,4.174595395843358,5.959801842705102,1.765784820547686,1.6552041878494628,0.9937263854068414,1.4593446177731781,5.735972953114235,0.2544655590545792,0.017179497129184963,7.993469658208485,0.8207581468981011,0.3587476836180252,1.2745203619785754,0.4313027616597152,1.0734896860084508,0.8583153934065539,3.5456876348225137,4.255086991732875,2.985562742384063,1.7529127741827604,3.063854703154284,0.7496157057977978,1.0428810896774479,46.6264548542887
김민지,3,6.143683430496439,0.0,0.20046940764563362,0.862132537990922,8.507558222463935,0.0,0.5950805908832021,4.854644866066549,0.0,4.369967465064963,9.223517500387969,0.0,0.0,6.022641319981999,4.017763785670418,0.0,0.0,1.8802125551594138,2.1397446890686918,0.0,2.497644942173322,0.0,0.0,6.186770125434847,1.7604171834212436,40.73775137809045
김박은경,41,1.6487577168644787,2.6057319649860005,0.13706424851800322,3.249348177305793,17.251806724135477,1.806902245397584,2.2629482049215244,0.9367401687309554,1.0232007843838595,1.2422983614715268,1.265274538042628,0.40217950029600863,3.206114462844454,2.0988143676458906,1.5844193529708974,0.5629631328518898,0.20666160376378923,1.6900557805784782,3.330106658403945,0.786822299402072,0.23551861746337302,4.096703643728834,0.7582674805048853,1.42306857373444,1.3184910748615544,44.86974031619165
김사이,8,0.30561981444059166,8.592589692116261,7.727318726619172,1.1226750052469583,4.4525352778634515,2.265249906384265,0.250658719241184,0.5106432593937598,3.0030618256489774,0.9735550100276831,0.0,0.0,0.0,0.6266451311242723,0.5147797692995633,0.0,0.42205012194739494,0.886639220086095,0.31784304933446567,5.513004041665057,4.918626356505887,0.9138538439289223,0.662318401291253,5.071199180387774,0.5281939082890302,50.42093973915798
김산,12,2.455138628564141,3.0464203506041305,2.7938690038900567,0.8873213028668245,4.787987254164322,1.8083927389398464,5.410094100611378,4.4717878988307405,2.4068210095162157,1.6115821270063595,2.5249817234894727,0.15990353684109543,0.0,0.5159160284580729,7.222986645220765,1.3211930841643655,0.6556360115006026,1.6900856880013493,0.41199698318951744,1.0458098427888052,1.3051007676928712,0.0,0.0,0.5578174262997401,0.0,52.909157847359324
김상미,29,1.9405304059597475,0.0,4.153232097486754,1.268446621431268,2.9482896821171365,0.5778823199280914,0.80610757006294,2.024119641920218,4.376625991720913,3.79688626097915,2.693229610124572,9.87689463270732,0.12326358042452823,0.0149269950759833,2.357281836131934,0.7184134234599103,1.6907719689290397,1.0388491490220446,1.2743478463989273,0.6198944261086815,0.1475647788324009,1.3529313980662194,1.3474594753260378,2.235406924177156,1.3015396132257016,51.31510375038333
김상혁,31,2.4319708474247688,4.898910090214285,4.258088631302875,0.6528244642119244,7.628494726034892,2.2146620183874806,4.093305555508141,0.25887546510497556,3.07160447339269,1.3569536512302605,0.26245697296844434,2.524236453300389,0.773480611299008,1.680645913213328,1.4325428420752722,1.284803206267937,0.9593753753023541,0.6810038917016195,1.3577900623852062,1.1112635615346624,0.6688881563677017,2.6749666544382467,1.285153507769322,3.9008033386569476,0.8628371224496834,47.67406240745758
김석영,5,11.331920207071443,0.00332273819477042,0.0,8.966089077096736,0.0,0.0,0.0,4.229865787195594,0.0,0.0,0.0,0.1897704563098228,0.0,4.771696777115439,0.0,2.629812776738019,2.192943538586205,0.4403798489714082,1.2586991300168733,1.4752277650612944,0.0,0.0,2.464024547636385,0.0,7.855516546855182,52.190730803150835
김선오,9,0.32232326860165206,0.2972528454600901,0.0,0.0,1.2659504623635813,1.323574530296013,6.354639361905389,3.961846086016423,0.3622760494632171,2.5675422364815734,0.0,0.12862078816297692,3.166978228210219,9.636890218866286,0.17849732083704295,4.725310960910176,0.7080153930947121,0.7681476016034489,0.7339831024504346,0.18002780517263195,0.0,1.2178933080495562,5.587398923902481,4.834631203343651,2.945783140458277,48.73241716435017
김선우,12,2.785574811890395,14.287111258348117,4.770635585940794,3.313482922823846,2.435754856565438,1.084119171455747,1.3127769042828927,2.087456906295355,1.8511429434507514,0.004968647562969217,3.849601302360334,0.6232620581399743,0.3786413533294515,0.9432939593779696,0.8370550269540148,1.4779354775407423,0.5994571387723241,2.038380783806445,2.368192196349861,1.5500611481921347,3.383798487851474,0.0,1.2850765596163078,0.30153698104553533,0.7346132348166677,45.69607028323046
김선재,4,3.950657243160986,0.0,0.0,2.144292467180623,5.388869250600706,1.5728517643620439,1.7201905583582244,22.137547613672695,0.0,1.1760696840877127,0.0,1.2757232243759102,10.149404168194433,0.0,0.0,2.350263353985382,2.747553128147408,4.2198902319268115,0.0,0.12075896127771389,0.0,1.3522121092631718,0.0,0.02294499006827775,2.0775729529967126,37.59319829834119
김선태,24,15.869622521050724,6.566389078606266,2.6111018989700447,5.527137233749317,1.5020038992854614,1.40682533857368,0.0,0.0,3.9910180807510525,0.0,0.571741858434963,0.10411986755761177,0.0,0.0,2.1560543968009784,0.32161023589688503,0.010260092051590921,0.164791636671167,0.0,1.0210290809389277,5.288464248619415,0.0,0.0,0.6756409058238583,0.1790562871968108,52.03313333902125
김성규,3,0.0,6.060365671670781,0.0,0.0,0.0,16.32255642154288,0.23444147056525008,0.0,16.486911149663168,0.0,0.7743646852055978,0.0,0.0,0.0,0.0,0.0,0.0,0.0,0.0,6.34879328409233,0.32072171657060483,0.0,4.4183405024087365,0.0,0.0,49.03350509828065
김성대,3,0.0,9.829178736717092,2.5110231376838987,0.0,1.3141392706293746,0.0,1.648312688605877,1.4790940055232815,0.0,4.517593946936951,0.6139922785418098,0.0,0.0,2.5210069661217407,0.3680430882566,1.8938196881845684,8.813847338584841,3.591287479741819,5.790922630304224,1.0059590620540624,0.0,0.0,6.229383768244181,0.0,0.28353526309359983,47.58886065077608
김소연,11,1.0151878761685318,3.8124566033398746,0.0,6.729463205225913,8.219762431349706,1.7589802810718347,0.0,1.0867163114870186,4.469012755658387,0.19976221869403235,3.1578497082295773,0.32573941814529983,2.4712922596746854,1.1762464069158913,1.3641693144305937,2.4798332405529098,0.3979358980470406,1.1349613000373127,7.202490605324837,2.8445284937896393,0.2174110380718232,2.233856236396369,0.7281811722116032,1.165236766913108,0.0,45.80892645826402
김승일,6,0.0,0.0,1.08177435168395,0.4226244986333924,3.7887579494626613,5.590711051246637,0.0,0.0,0.0,0.0,0.0,6.892333862976879,4.669796029258372,2.093671510736523,0.0,0.631925315421265,1.3709561671281751,5.566046832480734,1.4853115658198954,1.4891045818985822,0.0,0.36395057283318716,6.743843069581156,3.7442103074811564,0.0,54.06498233335743
김승희,7,2.9216798015001397,4.119972954410857,0.07086182746180943,0.5592728457130514,0.7329864715379691,1.4941868786442056,8.060847086424078,5.357264320473921,5.01473499376383,0.18142307363890067,3.331523632639271,0.33540337110353563,0.0,0.042964286012310095,2.394539368497012,5.9019401560004985,0.0,0.6473920546702129,1.1968216455337672,2.3379157628165603,0.0,1.9673081426421113,0.0,6.0720277073904345,1.1593327225751349,46.09960089655039
김안,49,1.520699540145237,0.9577277744182745,1.9134716964008105,3.4150665672369347,5.529600455402113,3.5301125969877303,3.658048127457266,0.999800775768856,1.4711836450271438,1.8981169804243636,2.782830201900599,1.0797930893712502,3.2077160445610144,2.426344760484778,3.072231852999314,0.905725725382606,0.7600035786068421,1.9161713439710537,2.3235411837094886,0.7841813570638776,1.9742521422395878,1.2406504225327604,3.174711203234091,2.4836164574100317,0.8739209428488267,46.10048153441515
김언,102,1.4987369523471374,0.508944419685901,1.209893870479592,1.6227749641521851,16.05128675588511,0.07357538335872928,0.9102465283671671,0.8011336333488959,0.3055911036872236,4.134231504902782,0.39779265520585655,1.9853182778937197,2.754760181947533,1.3857813980517086,0.9446431610985305,1.598780158589142,0.2105226886624481,1.3756306849320132,1.8664834366999152,0.4058490064199469,0.17619195157775183,0.6021762703362573,2.404476719788127,2.351353802785269,1.1247430103683433,53.299081479428715
김언희,78,2.197936927934078,0.515922431086613,1.697024673911921,9.555425388390292,2.355009759360753,0.6391711214191691,0.06483739993847241,1.0826708832387537,3.034097864141223,1.2988361016018732,2.644070582803781,0.9612591232061259,0.8658759098569531,2.2330294056930913,2.4582353583221686,0.18613666466656392,1.6955096194223496,1.2677659368987768,10.14576714321732,0.632274334928822,1.761706825125458,1.788992515536683,1.9336511705849329,1.144927983993581,0.12649873928553768,47.713366135434704
김연덕,5,5.99627320976097,5.026956595035638,0.0,0.0,1.8111391756413724,0.3889533958668749,3.5119272073240175,0.45280164004997364,0.8806964047347989,0.0,0.0,0.8746569594145177,7.543965996715815,19.248187024344094,0.4970302885615843,0.40801493998741856,0.0,3.579569581341996,0.6709294582117092,0.06771130935325026,0.0,3.191151320795342,2.3645755832360935,0.8410590027379552,0.0,42.64440090688658
김연숙,9,3.0498834662154093,0.6019892133327196,0.0,0.08069342769681599,0.20964599819377366,2.852255827373901,5.8291909810624,0.8593711821782646,1.6039151977465902,0.9015091354781801,0.0,0.0,4.665837357567345,11.75364687527505,1.1701162557866445,2.9223027731602613,0.5315680812828917,0.8157232306340582,9.999518996695574,0.0,0.3072645141480386,3.226804245764426,0.6599255391248585,1.5287021511985006,0.3137953174273384,46.11634023265695
김연신,4,4.226636634418038,9.360046990845008,0.0,0.0,5.64866967088671,0.07029115764587116,12.516627804147088,1.3606673926159314,0.28657058068104974,2.059288766069422,1.4234594728637684,0.0,2.3334705883226086,0.7700206381224124,2.145297270335768,1.0259909161086334,0.0,4.910365147097075,3.5121589167760696,0.816312094827963,0.0,0.0,0.4966849403327046,0.3622119980286018,2.0277145591647145,44.64751446071057
김영래,3,10.336450229378247,5.388684657915847,0.0,0.0,0.0,0.0,1.9966661217400627,0.0,0.0,4.3740703229103755,0.0,0.0,0.0,3.1218338730853863,1.551738761145639,7.809903488161143,0.0,4.442691246352738,7.737223004497399,7.930482018744974,0.0,0.0,0.0,0.08089488997247436,0.0,45.22936138609572
김영태,3,0.0,0.0,1.364831975074272,0.0,3.3150493557732035,1.3973351560274174,0.0,6.983453121431584,2.8526379939110975,0.0,1.5475283447549468,19.528723111215495,0.0,0.0,6.81505688804749,4.632066707123285,0.0,0.0,0.0,0.0,0.0,0.0,4.2781301945728325,0.0,1.664687282100594,45.62049986996778
김용택,12,9.73303954548513,5.681077992550928,2.508755269914839,0.0,1.4264890200621398,0.4918416881262861,3.4723684258525243,4.784446950573723,0.5317380908259923,0.24014487552057837,2.355613135937802,0.4794278186723982,0.0,0.5280309041158503,0.00676043604529655,5.328638411745645,0.09532094892052616,7.660237466302781,0.0,1.9159108549356845,2.0175321235317054,0.0,0.0,4.27048520902875,0.24816397556285108,46.22397685628857
김유림,57,3.3806167021507,1.929538222276119,1.1125439151313272,2.129855025365522,4.050663395175692,0.32455239552580867,3.0398698518710896,0.3905151978849788,2.26344403462826,1.0580756047351407,0.7552673893712987,4.330396256707193,1.5204682374094678,2.3023248523967528,0.7473846026807152,4.228042371872242,1.4269419179988112,0.9386291635860712,1.8572010649167137,2.2944865807280044,0.7362689551004347,0.9501691864801828,1.3628812935628267,2.4271141147944855,2.9538964332611326,51.48885323438903
김유태,11,1.8886396118356534,4.350269508963115,0.0,6.999942344554617,0.17908335277571127,0.0,3.021169301647305,4.497816857534471,0.0,9.308973142725637,0.8628703343885479,1.538244164009535,4.631536072117694,4.227596008624026,1.5021695183429502,2.184360182063085,0.4956358071602133,1.5424601955300112,2.439758747879633,0.0,0.11518228757203076,0.9362998888678941,0.14874925976853837,0.7616085816939122,0.24942907501627742,48.11820575692914
김윤배,5,5.589994553502317,14.71801959594045,7.811838660546488,1.5545012786606098,0.0,0.17300822882924055,0.4167095113003782,5.70841411291108,0.0,0.7569456322567263,0.0,9.180446421015656,0.0,0.0,0.0,1.5418920210227702,1.1566456483195164,0.1563493220981234,0.7371378390483866,1.7603139174852225,2.9281861536096225,0.0,0.3451038897031499,0.0,1.1818904091635258,44.28260280458674
김윤이,3,7.712537317911601,8.541410359284711,5.672836452821404,4.065091090306834,0.0,2.569529244171886,0.0,0.0,4.959468618168484,2.174840959974238,6.250998585173808,0.0,0.0,0.0,0.0,6.656092769911381,3.0950460598376393,0.0,0.0,0.4239577149917239,0.3669828245824515,0.0,0.0,0.0,0.0,47.51120800286384
김이강,4,1.710126402617761,3.8200278542034614,0.0,0.0,0.0,0.0,0.0,0.9582618967193292,0.0,1.3373062489176988,0.0,8.029757721514839,2.909288925540066,0.9105371490710288,4.859732373253172,4.189995934549303,2.6368696589655682,3.324641597176052,0.0,0.0,0.0,0.3031833924765658,3.200034234051199,5.807304116662496,1.041649431003721,54.96128306327775
김이듬,17,3.4091274200262247,1.1350456159322935,2.4090617914067254,3.5884572937884895,2.09321436078086,0.8941360972293824,6.907581873461162,0.4500510563907236,2.7296952386290525,2.958327972979429,0.37845065762358726,0.9357693970658199,1.8106389583020268,0.6545500778254647,3.27232601682875,8.093789063842465,0.5652444518203117,0.05290102947603506,1.7571011843605742,0.968363472143077,0.3098582673006877,0.51612947681758,2.8051751053741216,2.63875999126653,1.6515705239781382,47.014673605350495
김재근,7,7.827766083020255,1.0404963231513353,2.314990087109977,2.1992071335352206,2.1857266576312773,0.7166404949801237,5.707132469884321,0.0,2.1871024833525103,0.0,1.9258490245560258,0.757927468321652,2.7156510553697677,1.9803502914419593,0.01038136848266837,0.0,1.4245000639863874,6.394396350331669,3.98372517294981,0.6971700898365395,0.0,2.1810129288406412,5.114269199650501,0.8676512329545789,0.603541415033814,47.16451260557897
김재혁,32,6.408590337628486,9.809631639623706,1.7670786380180585,1.3361954708954593,1.8564292729122662,2.0291465326136655,3.9825706571664305,0.7649271367689188,2.1095301316741493,3.2196913297683882,3.013588175491826,1.5263229321676641,0.796074632348424,1.9352485089448124,1.3127243272956626,2.2310154756742584,0.3657696391362939,2.630111790034809,1.7801583763234832,1.6923500293146643,0.5143512710033937,0.6979156630920004,0.060247048014816236,1.299981841049716,0.9930277115541388,45.867321431484505
김정환,3,3.0806336485684707,0.12094240959665743,0.0,0.0,6.815571536637453,0.0,0.0,0.0,0.0,2.4317644935577936,0.0,13.915686124148893,0.0,0.0,5.793104173228187,0.0,0.0,10.785898303893893,0.0,0.0,2.0637871315011083,3.7274346570693164,3.2489645797542135,0.0,0.0,48.016212942044014
김종연,4,7.446245708349357,0.07178964747499315,0.0,0.0,7.829934101297325,1.3766198231945217,3.166373747406561,0.0,0.6181654463726965,0.8906321560090802,3.656432833179648,1.267148350287771,9.264241398311725,0.0,0.0,0.3649129289904112,3.260272455178514,8.400567960271353,0.0,0.0,1.670842713537014,4.01049228912305,0.0,0.0,0.0,46.70532844101598
김주대,11,0.13484128636692044,0.19117218025858956,13.621967657965115,3.3801734680719893,1.8186050930944844,4.417342567648685,1.852654757708501,0.5516721260149123,5.188432945200377,2.822195796740007,1.2846650212115855,4.015424474624148,0.7560792593627771,0.18768095127949316,0.0,0.3388406048740096,2.2035232047483153,0.6330016133931403,0.0,2.000096959805687,1.3725208894023067,0.0,1.209123261786434,0.7396054013893786,2.4581354379741813,48.822245041078965
김준현,4,0.4174346160138248,2.518509545665111,0.0,1.5948062318637861,5.885604634200522,6.876155653987135,0.0,0.0,0.0,0.13487367857842308,2.892539281107125,0.0,14.86236721605689,1.5683958275141519,0.0,2.9332372465683294,0.0,4.632236387305776,1.5303314724026933,0.0,0.8882384367231367,3.8423973607048727,4.44783222226124,0.3141954386522099,0.0,44.66084475039477
김중,4,4.031382712565696,0.0,0.0,1.2127014532856608,0.8339451318481711,8.22930552483936,0.0,0.0,0.0,10.730375618130243,1.509915874342355,0.0,10.243295519763327,0.0,3.6686121978856603,0.0,0.0,6.142597000601103,0.0,0.0,2.2377870278706213,0.0,0.0,0.0,0.0,51.160081938867805
김중식,4,2.2140099161797444,0.4190409690952772,1.5887798131113808,0.0,29.905095419976938,0.0,3.6612325940019548,0.0,0.9983062788330894,0.6469658718381402,2.068178758050582,1.081028326993933,0.0,0.0,0.0,5.910756149671345,0.0,0.0,0.0,0.7416621705744295,0.9061854470054256,0.0,1.5999050748812276,0.0,2.277760966486734,45.9810922432998
김중일,21,2.939559068440883,4.2210231675077985,0.27825772618213146,1.042774455707959,2.995046528424994,0.5257349232839813,1.1889340901465866,3.2111260603443865,2.277113518600192,1.1214267778519076,4.368734942091434,2.9233975229360105,1.6293671280938535,2.9131081847317484,0.5657335520435238,1.4358052596498494,0.48700786883814573,6.822886405643376,2.503165101784768,1.282706322351417,1.8562497042257495,2.1747853821728613,2.6154942175306957,2.627376264066805,0.22622902434315217,45.76695680300578
김지녀,6,4.039547411455514,1.7526887716681223,1.9349321247405264,7.018497461990768,1.9659993435775416,2.7701959784157943,3.708879101971661,1.5963404682630744,3.4462384072552656,0.0,0.0,0.0,0.0,1.1082136724323683,3.292493239624143,2.2363946476767573,0.9884571114921722,1.115788892040545,5.4174174926579814,2.2990944379169553,0.0,1.940343299358366,0.0,3.0786441763137304,4.564225462238772,45.725608498909935
김참,50,3.178561455781932,4.164376030263927,0.392084282049906,0.5454580782418419,0.1790267612895227,1.8848023631626234,1.992355217871881,3.5265306624005963,3.110939358213922,0.9948526316572166,3.4776217734481,9.193837987438e-05,0.019864693246654776,1.8042194499800948,2.441828611698376,1.5213059789230596,2.120683785070762,1.7802956400624241,0.0,1.446300428252007,0.483196627203483,0.5784993890861682,0.45782114820331593,8.616644106148277,1.9838920890418432,53.298747500322186
김현,11,4.456182861199222,2.1671555066681574,5.620402285085242,1.4179956050453952,0.8048338860422337,1.1415227998013697,0.0,5.0450608348796555,2.8754973987927506,4.544352534590805,0.0,1.2218888343447316,0.0,1.0495659579206658,4.148811102332457,0.0,2.0592456189742903,3.0798827840251217,2.9415343452992264,0.62689154908485,2.222827198769616,0.0,0.964325237877937,0.6796619098091308,0.0,52.932361749457144
김혜수,6,3.8307560932300695,2.4642378364846818,0.7191265743779712,0.3179561191504239,1.574708697482664,3.2156906712941926,0.0,1.0152786055231726,3.9572439334105387,2.6445712117214,5.157294396457763,1.9898048742147292,3.965048015035185,0.2732213681125027,1.503284348570034,3.8130020301295797,0.0,0.8184356418929077,3.161977398690539,1.380942810083534,4.016845100605326,0.6954670156657691,3.461584968608449,0.0306814344243352,1.282019746177728,48.710821108656496
김혜순,11,1.9647000013643512,2.928299905225816,5.274005801333024,0.4349280163115997,3.199627122874068,1.8019556987789607,1.2490789485828997,1.3708229277700748,7.274411450920732,0.18908140435458504,3.5598932917816923,0.3652730459862737,3.135508320689243,2.33292331856216,1.2434515901008185,0.0,0.1281162915051982,2.391628932854845,0.8797270355500263,0.8293777032558403,0.23136082211630493,0.7664858272184701,2.862055190278269,7.596476480668573,0.4650718789508936,47.52573899296528
김희준,9,5.538454507354773,1.4041880434294798,0.8151199848419238,1.445472184619766,0.31567972495091934,7.312802004064541,0.0,15.280147193894626,1.6346281703223018,2.524572525589608,0.9920798830950359,0.9086573414337984,3.0664907694366934,0.0,2.4140458075628426,1.3954050230405215,1.5587276223549043,0.8025003315153189,0.13481558349983233,1.7020490397088315,0.4418473145848808,0.0,0.8508213667325921,3.8614435232894886,0.1053296570571141,45.49472239762021
나희덕,4,6.623693812007678,15.940905940015247,1.639209288475305,0.0,3.144079393048335,0.04069899771528247,0.0,4.274924259256601,0.2476131136889731,3.692396801039467,3.035732017061533,0.19366885679560034,0.5754141975650537,0.0,0.06848002956074235,3.8302801157300297,2.0576078867473404,0.2699248306198179,0.0,2.5773872570918552,0.0,0.1621470799612376,0.7386238935997638,0.17976129468221977,0.0,50.707450935337924
남길순,8,4.353349853831398,3.16753720027729,0.0,5.373160128601233,0.6251852098119202,1.5594350653164175,8.11639994302452,0.0,2.687155014831041,0.9835258172021936,9.830448409439082,0.23468840324026366,2.737327923285443,0.0,0.0,0.0,1.0096583475250858,0.0,0.8509276777607192,0.5492065172089898,3.9028241645390116,0.0,0.0101388148283105,1.469109156759813,1.0921100488307278,51.44781230368654
남진우,51,4.816269030530461,3.241183581352415,0.8660203504835863,1.4109283129656527,0.14999692212183452,1.7699943681211736,4.735619197160831,2.228604352913012,2.2459395428034044,2.892630158406099,3.4268002981653725,0.0,2.546473611166031,3.1242944760652627,1.316997291714157,1.4868356304092174,1.8731829521837924,3.6920741062673224,0.09559954934469307,0.2131163537128093,1.1052113780515893,0.5126640784582873,1.2076250093983723,2.21240368483176,0.8213164341106236,52.00821932926224
노향림,6,2.6478928178446393,6.0987261554261005,0.28064137868991273,3.023256750434264,0.0,0.2198713234626282,2.4573607820645416,4.532308455059282,8.221848794056205,0.0,7.12047825538146,0.0,4.284440845312242,0.9967978024928249,1.3078922878189898,0.0,0.32502487351672343,0.529318164002173,0.0,0.08636052149147126,4.917360499903948,0.0,0.0,1.324463563885338,2.4005297313519827,49.225426997805265
도종환,3,0.0,12.299105210789554,0.09202309347650467,0.0,10.492028143332544,0.0,0.8810107581824606,4.133523208872226,2.5192064263479645,0.0,0.34835469249763706,1.9233105800126638,0.0,0.0,5.73664143284513,0.9331329674773453,1.872551278364747,0.0,0.0,1.6261911297706113,0.0,0.0,4.8549559262281345,0.0,0.6130967258425307,51.67486842595995
류경무,4,0.0,13.050224527334507,6.679905797127068,6.320560249174413,2.6699418915663724,0.0,0.08447039463336957,1.2711223452420517,0.9165256717032414,1.5531473665813604,2.9606026021030956,0.0,0.0,0.0,2.818156986475858,2.4672189780809246,0.7958743212836544,0.0,3.719812841142185,0.0,1.9193903893414033,2.1217950001485497,0.20058535495944307,0.0,3.08146435372045,47.369200929382046
류근,6,0.26218628366724306,8.363923793352514,0.3128797907731428,0.0,12.672225453840765,0.0,3.788525754531379,0.0075380434850372,7.403834528613527,1.7801262384848897,1.0566395033564022,0.9888222055881802,0.284335691310508,2.201916384166281,0.0,1.2256594768939928,1.6756642494915008,5.234200109663816,0.0,0.0,0.6459756974497081,0.186338363599485,0.0,0.8005739430141405,3.5153099007418778,47.593324587975616
류인서,3,18.601044881258844,0.0,0.0,0.0,6.552822477635712,3.5833272818713175,0.0,0.0,1.5019487984928055,0.40963753404210923,0.0,0.0,0.12409202405487403,0.0,0.3032503714325248,2.7399664113936115,0.0,9.354706213194271,0.0,0.0,0.0,0.0,14.635014391887156,0.0,0.0,42.19418961473677
리산,6,2.9784560353982896,2.6225198294241707,0.0,1.1694283768028269,1.555758390545982,0.32624036156500463,7.555316413854766,7.147090761323837,7.093637808965269,0.9272528505817994,0.0,0.9310017732930936,0.0,0.9685636773758204,4.659261011660469,4.732683682764748,1.588576709361383,0.865840049363185,0.62274595556561,0.17828291245141684,0.2891175963042251,0.0,3.1277758930974655,0.1916392010451977,4.782451796662657,45.68635891259279
마윤지,5,0.0,3.1976463373371575,1.0194267894409734,0.0,1.6170243126191142,18.472147187017157,1.9901825314399377,0.0,0.0,1.152890671653753,0.0,0.0,0.0,2.3373570118822182,0.0,2.5931406654159286,0.0,0.0,0.0,0.28013133314837413,0.0,0.0,0.0,19.89568918657823,0.5039738130855383,46.940390160381625
문동만,4,3.810146529841912,2.892417974238234,11.708557606735752,15.787688159396238,0.0,0.0,0.0,0.0,6.082196644205802,0.0,0.0,0.7840587021579988,0.0,0.0,1.2794627627522364,0.0,0.0,0.0,0.0,2.63895622530944,4.424406097244971,0.0,0.5626235348356395,5.828429754180894,0.5189813847884364,43.682074624312435
문보영,12,3.414911868466767,2.195618448252873,0.0,1.837287493054723,1.2380157403019867,0.8105249052714362,0.13274544028009475,0.0,0.8583349643109429,1.9312290352939525,0.8090727364300271,2.3475900481498067,3.249615529948361,0.862155454623973,0.9208668169598253,3.027561607362959,0.21912811184846312,1.8365466881009151,4.433804339099265,2.662783974525801,0.8195436380469393,4.185680875915278,6.304085643083622,2.0158034521994264,1.6699409785271682,52.21715220994539
문성해,8,1.0066477522356094,7.557189650559135,1.2057685490080687,0.5576880012231744,6.413020977593656,0.03967167325769226,0.0,10.844299037592343,0.41063738498853974,1.180551055260168,4.777274710325489,0.0,1.4488687272540828,1.247020892434961,0.5549813960232708,0.8820423426035794,0.0483817497973949,7.173294059969426,0.0,0.9845683676758166,1.972552649967394,0.0,0.0,3.4981705114577473,0.1186895286311882,48.078680982141265
문인수,15,3.493791759175046,1.864321104074167,0.9317280585361432,0.9431097397836207,2.0177557813095346,0.0,1.994435983224203,6.1679273258176766,4.157736667382013,1.6603176550442582,4.702358562972851,1.0932909653334557,2.727131216760448,0.8456504511454344,1.6073562989058672,0.30685466972775244,0.2662861030176111,3.7003331835603905,3.824101460993366,2.6178222254565457,5.693487018128777,1.0747677236534832,1.937263106714867,0.7145438951906791,0.32624480346748136,45.331384240624324
문태준,25,2.94760843068139,11.218624215590415,2.546678802697392,1.3992351426057883,0.0,0.26772048497114087,4.262388100309283,4.701235746582042,1.340362071357994,1.001438902047993,6.449082272415195,0.8604264140984428,0.03991246203103255,0.5432720646382991,0.9441185521316525,0.786349868004886,0.4503515872927841,1.941167812204386,0.2133391833938927,2.4317407429773468,3.5202777912802072,0.6393030569047238,0.5277205097777363,3.1417016837169065,0.6069447455279681,47.2189993567611
문혜진,28,7.346879282270001,1.8843569963567306,1.029181804514219,5.16980168217169,1.7253818781094563,0.8029308801762214,0.8164477467586861,2.017557635059336,2.010092819491685,1.3605803622573405,3.305468982600284,1.9597583931199378,0.07223443792055585,2.7409306155225024,4.6300245638607995,0.7925482144101942,0.5919632895963917,0.93491098056031,7.138280427883736,2.0681964324702053,0.21751062109130984,0.7567458955996517,0.8620162532765464,0.1526496480488735,0.845657615978599,48.76789254089474
박강,15,3.768040434409116,3.4127033162094023,3.903843210113509,4.062161658656774,0.0,1.333032347781616,1.9891604518109403,5.6983916650134745,2.714289298798819,4.5030491527711005,2.5638368045445583,1.7175361448457245,4.513131435285549,0.7209541024493077,1.033158554820132,2.2400646815508822,0.5888706696420688,2.3489118592144735,0.4028930797169388,0.9696217894463234,0.9676468358758539,1.1714297959522377,2.824389769020646,0.0471264106414889,0.3639218063715987,46.141834725057464
박경희,21,2.1166155978618297,5.942682888250591,10.83355471997255,4.023969778789203,1.726566939382677,0.4262785347548496,1.4582333024523593,1.9660514634157567,3.0094687794121313,1.6341118133922865,0.4102571953991272,0.14801786898727537,0.0,0.14626865342551745,0.7849234660402148,0.8271700335149141,0.11724231969783029,0.2730189820265704,0.4107495665247735,1.008960902693783,5.805575571182183,0.3390522542158229,8.620329794666224,2.2868287559870604,2.1812029731278293,43.50286784482664
박규리,6,0.0,6.081958111398784,3.1735428015031495,0.0,12.199650442325696,0.7437225300864138,3.180073477782436,1.789894172679844,1.7917397083895619,0.5352066126173239,4.29098764383555,1.5178680299066736,2.1748889108406773,1.004060158007506,0.6994984256047188,1.4611243748766638,0.8494177627934868,0.0,3.449418145186127,0.0,2.744166591233918,0.33967656348533765,5.725927365911406,1.7890555452659953,1.2290570019837637,43.22906562428497
박상수,22,1.3806412460241186,4.461154151967436,0.2881642286386523,2.57234305759253,7.7095032101596255,2.2224428224712827,6.769461897059623,1.3377923019491902,2.316245094337365,0.5085577138280568,0.0,0.4572657234203952,3.015922979800779,3.758545947153463,1.3351510780600953,3.1173648192090435,1.243602867944924,2.570304168718338,2.0513454071221044,2.5811073773358486,0.13201390611391908,0.8799175207597933,1.712842789364167,2.1992900590532147,3.159604842956732,42.2194147889593
박서영,4,12.182524663367396,6.375008038237806,0.0,0.0,6.753488063320916,8.869031211971471,4.407368598721019,0.0,0.7950014453698949,0.0,6.421346676423385,0.0,0.0,0.0,0.0,0.15959249380840565,0.00536906711813475,1.963497639005501,0.0,0.0,0.0,0.0,0.0,3.828898599053974,3.87406467590357,44.364808827698525
박성우,5,0.0,1.8937323537006427,8.81654754655575,2.888736004871874,1.9979751215282966,0.0,1.9415083173611234,1.9464368119089532,4.256886844096532,0.0,4.049348679477736,0.10379782447172126,0.0,0.0,0.7266486594562949,0.0,0.25595688238008724,0.0,2.306779800834343,8.072545474806635,6.302128864067741,0.0,1.832017631704567,1.3491788038579688,0.0,51.25977437891974
